"1", "2", "3", "4", "5"
0.236, 0.138, 0.078, 0.238, 0.31
0.148, 0.126, 0.392, 0.156, 0.178
0.146, 0.188, 0.334, 0.13, 0.202
0.046, 0.114, 0.064, 0.092, 0.684
0.206, 0.17, 0.484, 0.094, 0.046
0.186, 0.17, 0.082, 0.332, 0.23
0.296, 0.304, 0.096, 0.268, 0.036
0.102, 0.274, 0.072, 0.476, 0.076
0.032, 0.036, 0.858, 0.056, 0.018
0.344, 0.28, 0.082, 0.18, 0.114
0.228, 0.176, 0.23, 0.27, 0.096
0.084, 0.406, 0.346, 0.108, 0.056
0.224, 0.496, 0.034, 0.142, 0.104
0.23, 0.198, 0.116, 0.356, 0.1
0.372, 0.26, 0.086, 0.244, 0.038
0.144, 0.1, 0.592, 0.126, 0.038
0.258, 0.26, 0.022, 0.372, 0.088
0.164, 0.286, 0.188, 0.218, 0.144
0.288, 0.224, 0.142, 0.266, 0.08
0.252, 0.35, 0.134, 0.178, 0.086
0.132, 0.186, 0.274, 0.256, 0.152
0.16, 0.184, 0.188, 0.334, 0.134
0.114, 0.172, 0.31, 0.28, 0.124
0.14, 0.126, 0.184, 0.402, 0.148
0.24, 0.338, 0.062, 0.224, 0.136
0.13, 0.078, 0.526, 0.162, 0.104
0.164, 0.358, 0.112, 0.142, 0.224
0.33, 0.308, 0.158, 0.162, 0.042
0.218, 0.176, 0.158, 0.298, 0.15
0.044, 0.146, 0.576, 0.164, 0.07
0.124, 0.252, 0.328, 0.178, 0.118
0.204, 0.196, 0.222, 0.248, 0.13
0.218, 0.426, 0.02, 0.16, 0.176
0.368, 0.234, 0.116, 0.146, 0.136
0.14, 0.268, 0.236, 0.224, 0.132
0.55, 0.13, 0.034, 0.266, 0.02
0.218, 0.27, 0.212, 0.182, 0.118
0.094, 0.126, 0.044, 0.12, 0.616
0.126, 0.32, 0.354, 0.114, 0.086
0.332, 0.172, 0.18, 0.226, 0.09
0.174, 0.112, 0.248, 0.218, 0.248
0.22, 0.246, 0.142, 0.198, 0.194
0.098, 0.114, 0.11, 0.53, 0.148
0.252, 0.236, 0.136, 0.192, 0.184
0.15, 0.222, 0.186, 0.284, 0.158
0.292, 0.146, 0.27, 0.174, 0.118
0.592, 0.128, 0.068, 0.164, 0.048
0.098, 0.104, 0.306, 0.278, 0.214
0.092, 0.244, 0.186, 0.256, 0.222
0.106, 0.128, 0.466, 0.178, 0.122
0.224, 0.384, 0.04, 0.146, 0.206
0.212, 0.18, 0.316, 0.19, 0.102
0.094, 0.228, 0.2, 0.184, 0.294
0.202, 0.124, 0.15, 0.348, 0.176
0.232, 0.308, 0.238, 0.05, 0.172
0.27, 0.118, 0.078, 0.502, 0.032
0.394, 0.11, 0.056, 0.366, 0.074
0.218, 0.26, 0.194, 0.182, 0.146
0.154, 0.142, 0.246, 0.24, 0.218
0.144, 0.124, 0.144, 0.54, 0.048
0.082, 0.096, 0.17, 0.598, 0.054
0.07, 0.086, 0.048, 0.768, 0.028
0.23, 0.248, 0.166, 0.284, 0.072
0.228, 0.188, 0.236, 0.148, 0.2
0.464, 0.086, 0.104, 0.156, 0.19
0.428, 0.35, 0.048, 0.144, 0.03
0.102, 0.142, 0.18, 0.504, 0.072
0.154, 0.226, 0.226, 0.244, 0.15
0.276, 0.206, 0.142, 0.214, 0.162
0.182, 0.146, 0.334, 0.208, 0.13
0.322, 0.086, 0.022, 0.162, 0.408
0.876, 0.074, 0, 0.016, 0.034
0.206, 0.388, 0.118, 0.144, 0.144
0.158, 0.14, 0.284, 0.098, 0.32
0.276, 0.296, 0.15, 0.12, 0.158
0.01, 0.116, 0.858, 0.008, 0.008
0.352, 0.214, 0.17, 0.168, 0.096
0.074, 0.084, 0.202, 0.146, 0.494
0.64, 0.192, 0.038, 0.084, 0.046
0.17, 0.154, 0.13, 0.254, 0.292
0.014, 0.888, 0.048, 0.012, 0.038
0.17, 0.072, 0.078, 0.59, 0.09
0.21, 0.202, 0.198, 0.082, 0.308
0.168, 0.278, 0.096, 0.294, 0.164
0.2, 0.13, 0.244, 0.332, 0.094
0.324, 0.21, 0.166, 0.22, 0.08
0.194, 0.368, 0.05, 0.256, 0.132
0.064, 0.116, 0.098, 0.184, 0.538
0.12, 0.186, 0.122, 0.482, 0.09
0.27, 0.334, 0.168, 0.148, 0.08
0.206, 0.15, 0.23, 0.242, 0.172
0.118, 0.096, 0.218, 0.432, 0.136
0.26, 0.204, 0.1, 0.174, 0.262
0.106, 0.104, 0.13, 0.566, 0.094
0.172, 0.116, 0.114, 0.542, 0.056
0.236, 0.152, 0.19, 0.22, 0.202
0.116, 0.15, 0.076, 0.558, 0.1
0.08, 0.172, 0.588, 0.126, 0.034
0.292, 0.18, 0.034, 0.262, 0.232
0.136, 0.24, 0.14, 0.212, 0.272
0.218, 0.23, 0.104, 0.244, 0.204
0.29, 0.246, 0.244, 0.144, 0.076
0.246, 0.128, 0.36, 0.192, 0.074
0.116, 0.134, 0.206, 0.352, 0.192
0.522, 0.138, 0.05, 0.124, 0.166
0.194, 0.21, 0.428, 0.07, 0.098
0.19, 0.17, 0.11, 0.164, 0.366
0.148, 0.136, 0.038, 0.094, 0.584
0.282, 0.204, 0.234, 0.16, 0.12
0.02, 0.044, 0.788, 0.094, 0.054
0.218, 0.252, 0.19, 0.18, 0.16
0.174, 0.298, 0.286, 0.166, 0.076
0.108, 0.04, 0.792, 0.05, 0.01
0.044, 0.06, 0.444, 0.24, 0.212
0.044, 0.036, 0.032, 0.202, 0.686
0.194, 0.476, 0.154, 0.09, 0.086
0.084, 0.556, 0.108, 0.15, 0.102
0.218, 0.314, 0.294, 0.122, 0.052
0.162, 0.128, 0.062, 0.616, 0.032
0.096, 0.196, 0.2, 0.408, 0.1
0.116, 0.226, 0.232, 0.238, 0.188
0.2, 0.334, 0.186, 0.176, 0.104
0.042, 0.02, 0.054, 0.038, 0.846
0.248, 0.16, 0.078, 0.476, 0.038
0.278, 0.26, 0.108, 0.266, 0.088
0.188, 0.316, 0.152, 0.218, 0.126
0.084, 0.138, 0.042, 0.59, 0.146
0.324, 0.142, 0.122, 0.126, 0.286
0.106, 0.076, 0.056, 0.248, 0.514
0.08, 0.144, 0.22, 0.452, 0.104
0.336, 0.296, 0.098, 0.116, 0.154
0.076, 0.086, 0.264, 0.47, 0.104
0.206, 0.284, 0.276, 0.17, 0.064
0.252, 0.278, 0.048, 0.132, 0.29
0.212, 0.334, 0.248, 0.148, 0.058
0.224, 0.202, 0.326, 0.168, 0.08
0.006, 0.006, 0.004, 0.978, 0.006
0.616, 0.232, 0.012, 0.058, 0.082
0.312, 0.226, 0.106, 0.168, 0.188
0.394, 0.396, 0.03, 0.054, 0.126
0.134, 0.262, 0.132, 0.154, 0.318
0.318, 0.176, 0.152, 0.164, 0.19
0.234, 0.13, 0.056, 0.154, 0.426
0.286, 0.034, 0.316, 0.062, 0.302
0.154, 0.174, 0.232, 0.298, 0.142
0.262, 0.264, 0.272, 0.172, 0.03
0.108, 0.076, 0.03, 0.75, 0.036
0.478, 0.244, 0.05, 0.138, 0.09
0.118, 0.104, 0.168, 0.536, 0.074
0.014, 0.922, 0.028, 0.014, 0.022
0.056, 0.036, 0.024, 0.032, 0.852
0.328, 0.202, 0.058, 0.342, 0.07
0.184, 0.296, 0.156, 0.178, 0.186
0.202, 0.14, 0.324, 0.212, 0.122
0.126, 0.102, 0.106, 0.396, 0.27
0.146, 0.25, 0.148, 0.376, 0.08
0.208, 0.118, 0.376, 0.194, 0.104
0.128, 0.306, 0.172, 0.218, 0.176
0.43, 0.246, 0.094, 0.15, 0.08
0.174, 0.142, 0.286, 0.248, 0.15
0.166, 0.318, 0.202, 0.204, 0.11
0.132, 0.07, 0.658, 0.102, 0.038
0.196, 0.214, 0.22, 0.218, 0.152
0.022, 0.036, 0.742, 0.032, 0.168
0.324, 0.234, 0.044, 0.182, 0.216
0.032, 0.026, 0.066, 0.632, 0.244
0.132, 0.066, 0.148, 0.542, 0.112
0.114, 0.09, 0.238, 0.446, 0.112
0.118, 0.142, 0.186, 0.158, 0.396
0.24, 0.16, 0.264, 0.214, 0.122
0.658, 0.086, 0.072, 0.134, 0.05
0.14, 0.15, 0.348, 0.192, 0.17
0.148, 0.282, 0.218, 0.21, 0.142
0.198, 0.23, 0.206, 0.25, 0.116
0.17, 0.108, 0.13, 0.14, 0.452
0.174, 0.034, 0.492, 0.142, 0.158
0.122, 0.164, 0.214, 0.4, 0.1
0.05, 0.112, 0.208, 0.208, 0.422
0.132, 0.104, 0.38, 0.194, 0.19
0.384, 0.256, 0.17, 0.134, 0.056
0.052, 0.182, 0.168, 0.482, 0.116
0.162, 0.14, 0.112, 0.478, 0.108
0.284, 0.188, 0.17, 0.188, 0.17
0.166, 0.334, 0.224, 0.16, 0.116
0.052, 0.038, 0.016, 0.106, 0.788
0.172, 0.194, 0.258, 0.18, 0.196
0.502, 0.26, 0.026, 0.134, 0.078
0.216, 0.266, 0.192, 0.188, 0.138
0.026, 0.032, 0.03, 0.876, 0.036
0.032, 0.012, 0.01, 0.93, 0.016
0.21, 0.276, 0.14, 0.158, 0.216
0.334, 0.174, 0.08, 0.142, 0.27
0.22, 0.392, 0.04, 0.28, 0.068
0.096, 0.268, 0.176, 0.228, 0.232
0.202, 0.236, 0.226, 0.22, 0.116
0.236, 0.17, 0.132, 0.308, 0.154
0.104, 0.614, 0.014, 0.062, 0.206
0.122, 0.07, 0.124, 0.138, 0.546
0.066, 0.244, 0.628, 0.044, 0.018
0.284, 0.296, 0.208, 0.134, 0.078
0.19, 0.168, 0.122, 0.158, 0.362
0.272, 0.246, 0.258, 0.126, 0.098
0.03, 0.098, 0.442, 0.384, 0.046
0.182, 0.164, 0.068, 0.432, 0.154
0.316, 0.138, 0.378, 0.12, 0.048
0.082, 0.12, 0.372, 0.256, 0.17
0.316, 0.212, 0.168, 0.12, 0.184
0.288, 0.542, 0.056, 0.1, 0.014
0.074, 0.034, 0.79, 0.064, 0.038
0.45, 0.3, 0.038, 0.106, 0.106
0.212, 0.426, 0.114, 0.166, 0.082
0.102, 0.078, 0.06, 0.398, 0.362
0.19, 0.144, 0.064, 0.254, 0.348
0.228, 0.322, 0.23, 0.17, 0.05
0.238, 0.226, 0.182, 0.192, 0.162
0.2, 0.334, 0.296, 0.108, 0.062
0.09, 0.166, 0.436, 0.166, 0.142
0.224, 0.254, 0.176, 0.144, 0.202
0.234, 0.186, 0.106, 0.368, 0.106
0.038, 0.096, 0.782, 0.046, 0.038
0.152, 0.094, 0.116, 0.156, 0.482
0.122, 0.186, 0.486, 0.162, 0.044
0.298, 0.23, 0.188, 0.13, 0.154
0.408, 0.342, 0.048, 0.196, 0.006
0.33, 0.224, 0.16, 0.182, 0.104
0.236, 0.1, 0.43, 0.2, 0.034
0.162, 0.252, 0.31, 0.172, 0.104
0.01, 0.054, 0.844, 0.058, 0.034
0.136, 0.15, 0.028, 0.446, 0.24
0.294, 0.254, 0.198, 0.166, 0.088
0.288, 0.24, 0.104, 0.154, 0.214
0.098, 0.152, 0.192, 0.238, 0.32
0.284, 0.196, 0.108, 0.348, 0.064
0.336, 0.174, 0.176, 0.154, 0.16
0.244, 0.14, 0.12, 0.19, 0.306
0.294, 0.246, 0.14, 0.292, 0.028
0.19, 0.246, 0.102, 0.324, 0.138
0.228, 0.274, 0.106, 0.152, 0.24
0.25, 0.156, 0.176, 0.172, 0.246
0.324, 0.184, 0.192, 0.152, 0.148
0.214, 0.12, 0.058, 0.39, 0.218
0.402, 0.24, 0.098, 0.156, 0.104
0.38, 0.156, 0.268, 0.156, 0.04
0.046, 0.142, 0.086, 0.696, 0.03
0.338, 0.302, 0.04, 0.194, 0.126
0.154, 0.166, 0.396, 0.136, 0.148
0.38, 0.178, 0.136, 0.18, 0.126
0.094, 0.062, 0.212, 0.366, 0.266
0.162, 0.07, 0.512, 0.144, 0.112
0.256, 0.23, 0.242, 0.21, 0.062
0.202, 0.308, 0.108, 0.2, 0.182
0.366, 0.326, 0.04, 0.17, 0.098
0.32, 0.224, 0.178, 0.202, 0.076
0.316, 0.05, 0.028, 0.092, 0.514
0.174, 0.062, 0.112, 0.318, 0.334
0.164, 0.142, 0.302, 0.252, 0.14
0.064, 0.05, 0.13, 0.088, 0.668
0.194, 0.16, 0.238, 0.264, 0.144
0.042, 0.05, 0.11, 0.756, 0.042
0.108, 0.192, 0.218, 0.392, 0.09
0.148, 0.4, 0.086, 0.208, 0.158
0.224, 0.438, 0.152, 0.1, 0.086
0.31, 0.224, 0.112, 0.098, 0.256
0.058, 0.128, 0.462, 0.228, 0.124
0.154, 0.182, 0.388, 0.198, 0.078
0.2, 0.174, 0.186, 0.18, 0.26
0.426, 0.3, 0.016, 0.242, 0.016
0.146, 0.116, 0.206, 0.336, 0.196
0.212, 0.246, 0.322, 0.086, 0.134
0.016, 0.01, 0.854, 0.106, 0.014
0.114, 0.154, 0.182, 0.394, 0.156
0.008, 0.986, 0, 0.006, 0
0.164, 0.096, 0.284, 0.236, 0.22
0.086, 0.124, 0.13, 0.26, 0.4
0.338, 0.144, 0.142, 0.128, 0.248
0.28, 0.128, 0.232, 0.182, 0.178
0.132, 0.062, 0.026, 0.67, 0.11
0.286, 0.382, 0.058, 0.178, 0.096
0.024, 0.028, 0.348, 0.522, 0.078
0.21, 0.254, 0.198, 0.158, 0.18
0.03, 0.042, 0.05, 0.022, 0.856
0.156, 0.158, 0.084, 0.444, 0.158
0.224, 0.184, 0.372, 0.178, 0.042
0.094, 0.244, 0.07, 0.152, 0.44
0.458, 0.242, 0.098, 0.094, 0.108
0.24, 0.584, 0.064, 0.054, 0.058
0.188, 0.082, 0.106, 0.43, 0.194
0.074, 0.046, 0.216, 0.062, 0.602
0.074, 0.098, 0.108, 0.116, 0.604
0.016, 0.052, 0.048, 0.876, 0.008
0.118, 0.15, 0.338, 0.296, 0.098
0.25, 0.176, 0.272, 0.224, 0.078
0.234, 0.17, 0.176, 0.302, 0.118
0.118, 0.082, 0.184, 0.422, 0.194
0.108, 0.222, 0.316, 0.226, 0.128
0.134, 0.092, 0.026, 0.124, 0.624
0.182, 0.15, 0.402, 0.17, 0.096
0.128, 0.354, 0.222, 0.168, 0.128
0.24, 0.13, 0.27, 0.106, 0.254
0.106, 0.066, 0.156, 0.384, 0.288
0.132, 0.124, 0.2, 0.392, 0.152
0.17, 0.194, 0.422, 0.158, 0.056
0.148, 0.2, 0.078, 0.166, 0.408
0.27, 0.326, 0.204, 0.14, 0.06
0.178, 0.382, 0.118, 0.114, 0.208
0.224, 0.28, 0.17, 0.242, 0.084
0.016, 0.144, 0.164, 0.25, 0.426
0.288, 0.22, 0.082, 0.226, 0.184
0.016, 0.018, 0.92, 0.03, 0.016
0.264, 0.232, 0.224, 0.18, 0.1
0.022, 0.018, 0.862, 0.084, 0.014
0.216, 0.27, 0.112, 0.314, 0.088
0.322, 0.094, 0.182, 0.216, 0.186
0.228, 0.244, 0.15, 0.102, 0.276
0.032, 0.026, 0.032, 0.118, 0.792
0.29, 0.172, 0.164, 0.318, 0.056
0.378, 0.242, 0.132, 0.126, 0.122
0.026, 0.064, 0.074, 0.124, 0.712
0.414, 0.226, 0.164, 0.138, 0.058
0.116, 0.042, 0.168, 0.09, 0.584
0.236, 0.188, 0.13, 0.4, 0.046
0.348, 0.376, 0.044, 0.062, 0.17
0.286, 0.346, 0.114, 0.086, 0.168
0.14, 0.196, 0.52, 0.1, 0.044
0.026, 0.012, 0.9, 0.03, 0.032
0.236, 0.334, 0.014, 0.186, 0.23
0.248, 0.284, 0.074, 0.302, 0.092
0.098, 0.238, 0.27, 0.172, 0.222
0.076, 0.076, 0.352, 0.262, 0.234
0.162, 0.156, 0.288, 0.324, 0.07
0.094, 0.116, 0.174, 0.384, 0.232
0.152, 0.2, 0.332, 0.156, 0.16
0.244, 0.236, 0.168, 0.33, 0.022
0.174, 0.188, 0.246, 0.302, 0.09
0.01, 0.002, 0.004, 0.004, 0.98
0.008, 0.03, 0.934, 0.016, 0.012
0.224, 0.064, 0.078, 0.342, 0.292
0.268, 0.278, 0.108, 0.174, 0.172
0.5, 0.394, 0.012, 0.076, 0.018
0.146, 0.096, 0.126, 0.204, 0.428
0.242, 0.096, 0.134, 0.186, 0.342
0.062, 0.038, 0.202, 0.654, 0.044
0.32, 0.216, 0.16, 0.218, 0.086
0.37, 0.15, 0.066, 0.352, 0.062
0.242, 0.34, 0.112, 0.206, 0.1
0.242, 0.178, 0.214, 0.174, 0.192
0.076, 0.64, 0.074, 0.174, 0.036
0.11, 0.172, 0.376, 0.162, 0.18
0.438, 0.204, 0.164, 0.136, 0.058
0.32, 0.252, 0.194, 0.134, 0.1
0.012, 0.014, 0.158, 0.738, 0.078
0.178, 0.208, 0.2, 0.2, 0.214
0.026, 0.122, 0.172, 0.318, 0.362
0.104, 0.192, 0.128, 0.168, 0.408
0.014, 0.022, 0.034, 0.082, 0.848
0.18, 0.192, 0.126, 0.43, 0.072
0.268, 0.272, 0.13, 0.184, 0.146
0.388, 0.128, 0.148, 0.234, 0.102
0.032, 0.12, 0.26, 0.326, 0.262
0.1, 0.412, 0.15, 0.212, 0.126
0.214, 0.152, 0.066, 0.384, 0.184
0.144, 0.514, 0.046, 0.116, 0.18
0.17, 0.078, 0.02, 0.068, 0.664
0.188, 0.25, 0.152, 0.116, 0.294
0.136, 0.072, 0.204, 0.382, 0.206
0.228, 0.308, 0.156, 0.148, 0.16
0.126, 0.198, 0.216, 0.366, 0.094
0.182, 0.292, 0.102, 0.248, 0.176
0.264, 0.118, 0.154, 0.13, 0.334
0.256, 0.198, 0.188, 0.23, 0.128
0.132, 0.606, 0.104, 0.1, 0.058
0.036, 0.028, 0.016, 0.054, 0.866
0.542, 0.182, 0.08, 0.158, 0.038
0.426, 0.184, 0.158, 0.08, 0.152
0.238, 0.168, 0.048, 0.412, 0.134
0.354, 0.094, 0.268, 0.21, 0.074
0.194, 0.086, 0.222, 0.322, 0.176
0.052, 0.168, 0.214, 0.234, 0.332
0.208, 0.272, 0.122, 0.356, 0.042
0.754, 0.178, 0.026, 0.038, 0.004
0.542, 0.126, 0.174, 0.122, 0.036
0.076, 0.09, 0.18, 0.276, 0.378
0.072, 0.042, 0.034, 0.052, 0.8
0.028, 0.018, 0.13, 0.044, 0.78
0.258, 0.208, 0.052, 0.14, 0.342
0.172, 0.31, 0.108, 0.352, 0.058
0.266, 0.242, 0.122, 0.14, 0.23
0.312, 0.264, 0.092, 0.23, 0.102
0.056, 0.1, 0.166, 0.608, 0.07
0.218, 0.152, 0.33, 0.208, 0.092
0.342, 0.246, 0.016, 0.074, 0.322
0.174, 0.148, 0.326, 0.198, 0.154
0.056, 0.206, 0.27, 0.24, 0.228
0.474, 0.212, 0.1, 0.056, 0.158
0.332, 0.208, 0.05, 0.376, 0.034
0.186, 0.19, 0.216, 0.266, 0.142
0.3, 0.266, 0.088, 0.138, 0.208
0.386, 0.258, 0.202, 0.08, 0.074
0.692, 0.142, 0.07, 0.078, 0.018
0.042, 0.756, 0.064, 0.074, 0.064
0.14, 0.182, 0.31, 0.296, 0.072
0.032, 0.016, 0.918, 0.024, 0.01
0.22, 0.25, 0.14, 0.258, 0.132
0.332, 0.188, 0.21, 0.202, 0.068
0.138, 0.226, 0.172, 0.424, 0.04
0.004, 0.002, 0.984, 0.002, 0.008
0.468, 0.098, 0.152, 0.254, 0.028
0.12, 0.126, 0.182, 0.39, 0.182
0.052, 0.102, 0.314, 0.226, 0.306
0.144, 0.18, 0.22, 0.254, 0.202
0.292, 0.186, 0.216, 0.186, 0.12
0.132, 0.294, 0.244, 0.2, 0.13
0.056, 0.084, 0.212, 0.188, 0.46
0.116, 0.472, 0.17, 0.178, 0.064
0.21, 0.148, 0.202, 0.142, 0.298
0.188, 0.338, 0.246, 0.156, 0.072
0.038, 0.018, 0.012, 0.054, 0.878
0.15, 0.208, 0.118, 0.422, 0.102
0.458, 0.268, 0.09, 0.114, 0.07
0.412, 0.29, 0.048, 0.174, 0.076
0.302, 0.274, 0.036, 0.15, 0.238
0.23, 0.16, 0.256, 0.216, 0.138
0.144, 0.128, 0.264, 0.218, 0.246
0.202, 0.138, 0.188, 0.336, 0.136
0.218, 0.184, 0.178, 0.18, 0.24
0.24, 0.216, 0.222, 0.186, 0.136
0.242, 0.182, 0.182, 0.276, 0.118
0.196, 0.132, 0.128, 0.268, 0.276
0.112, 0.202, 0.218, 0.344, 0.124
0.088, 0.07, 0.126, 0.626, 0.09
0.06, 0.25, 0.278, 0.286, 0.126
0.09, 0.042, 0.216, 0.252, 0.4
0.182, 0.186, 0.268, 0.212, 0.152
0.032, 0.146, 0.296, 0.492, 0.034
0.122, 0.098, 0.212, 0.37, 0.198
0.184, 0.174, 0.314, 0.256, 0.072
0.056, 0.078, 0.652, 0.094, 0.12
0.178, 0.156, 0.102, 0.244, 0.32
0.278, 0.12, 0.176, 0.25, 0.176
0.284, 0.418, 0.08, 0.104, 0.114
0.098, 0.098, 0.108, 0.104, 0.592
0.388, 0.23, 0.172, 0.15, 0.06
0.062, 0.178, 0.686, 0.042, 0.032
0.152, 0.222, 0.162, 0.306, 0.158
0.112, 0.062, 0.05, 0.098, 0.678
0.17, 0.128, 0.156, 0.282, 0.264
0.074, 0.056, 0.196, 0.094, 0.58
0.176, 0.484, 0.068, 0.166, 0.106
0.056, 0.156, 0.128, 0.21, 0.45
0.34, 0.176, 0.06, 0.112, 0.312
0.15, 0.348, 0.134, 0.256, 0.112
0.096, 0.198, 0.434, 0.198, 0.074
0.11, 0.22, 0.192, 0.21, 0.268
0.224, 0.308, 0.092, 0.258, 0.118
0.33, 0.134, 0.17, 0.256, 0.11
0.086, 0.094, 0.54, 0.112, 0.168
0.656, 0.15, 0.022, 0.092, 0.08
0.114, 0.314, 0.182, 0.158, 0.232
0.074, 0.038, 0.732, 0.048, 0.108
0.024, 0.05, 0.014, 0.856, 0.056
0.02, 0.042, 0.814, 0.102, 0.022
0.246, 0.15, 0.234, 0.212, 0.158
0.222, 0.17, 0.234, 0.286, 0.088
0.342, 0.17, 0.13, 0.244, 0.114
0.068, 0.046, 0.318, 0.506, 0.062
0.206, 0.27, 0.156, 0.334, 0.034
0.128, 0.168, 0.36, 0.254, 0.09
0.186, 0.22, 0.236, 0.22, 0.138
0.436, 0.336, 0.074, 0.098, 0.056
0.308, 0.194, 0.15, 0.258, 0.09
0.228, 0.212, 0.242, 0.152, 0.166
0.052, 0.128, 0.14, 0.212, 0.468
0.07, 0.158, 0.108, 0.37, 0.294
0.146, 0.43, 0.15, 0.226, 0.048
0.152, 0.186, 0.224, 0.358, 0.08
0.25, 0.148, 0.268, 0.174, 0.16
0.256, 0.134, 0.256, 0.284, 0.07
0.024, 0.046, 0.86, 0.04, 0.03
0.04, 0.034, 0.096, 0.804, 0.026
0.084, 0.124, 0.318, 0.302, 0.172
0.148, 0.154, 0.226, 0.222, 0.25
0.044, 0.028, 0.038, 0.642, 0.248
0.48, 0.158, 0.178, 0.126, 0.058
0.258, 0.22, 0.174, 0.178, 0.17
0.31, 0.198, 0.074, 0.228, 0.19
0.254, 0.284, 0.196, 0.208, 0.058
0.21, 0.238, 0.122, 0.25, 0.18
0.206, 0.6, 0.046, 0.106, 0.042
0.416, 0.206, 0.116, 0.19, 0.072
0.018, 0.016, 0.898, 0.048, 0.02
0.112, 0.39, 0.186, 0.18, 0.132
0.272, 0.178, 0.294, 0.104, 0.152
0.206, 0.184, 0.12, 0.374, 0.116
0.29, 0.16, 0.136, 0.186, 0.228
0.104, 0.164, 0.22, 0.42, 0.092
0.148, 0.178, 0.064, 0.326, 0.284
0.342, 0.18, 0.192, 0.128, 0.158
0.35, 0.134, 0.156, 0.26, 0.1
0.302, 0.146, 0.26, 0.154, 0.138
0.184, 0.228, 0.198, 0.174, 0.216
0.16, 0.22, 0.232, 0.164, 0.224
0.272, 0.122, 0.314, 0.21, 0.082
0.104, 0.09, 0.328, 0.136, 0.342
0.19, 0.23, 0.25, 0.136, 0.194
0.09, 0.044, 0.244, 0.052, 0.57
0.144, 0.268, 0.114, 0.21, 0.264
0.256, 0.284, 0.174, 0.16, 0.126
0.162, 0.156, 0.192, 0.116, 0.374
0.1, 0.084, 0.088, 0.142, 0.586
0.212, 0.076, 0.016, 0.072, 0.624
0.036, 0.048, 0.09, 0.09, 0.736
0.08, 0.1, 0.602, 0.158, 0.06
0.092, 0.126, 0.628, 0.086, 0.068
0.094, 0.276, 0.18, 0.184, 0.266
0.234, 0.188, 0.174, 0.306, 0.098
0.314, 0.21, 0.212, 0.214, 0.05
0.074, 0.064, 0.132, 0.282, 0.448
0.314, 0.178, 0.178, 0.28, 0.05
0.012, 0.014, 0.872, 0.092, 0.01
0.432, 0.138, 0.292, 0.106, 0.032
0.156, 0.166, 0.182, 0.258, 0.238
0.252, 0.174, 0.364, 0.03, 0.18
0.132, 0.188, 0.148, 0.168, 0.364
0.072, 0.256, 0.112, 0.548, 0.012
0.206, 0.264, 0.208, 0.218, 0.104
0.246, 0.246, 0.144, 0.244, 0.12
0.276, 0.238, 0.186, 0.246, 0.054
0.128, 0.072, 0.176, 0.176, 0.448
0.08, 0.13, 0.512, 0.086, 0.192
0.296, 0.252, 0.09, 0.184, 0.178
0.144, 0.318, 0.142, 0.336, 0.06
0.042, 0.096, 0.718, 0.058, 0.086
0.26, 0.16, 0.152, 0.298, 0.13
0.288, 0.198, 0.27, 0.138, 0.106
0.122, 0.192, 0.334, 0.246, 0.106
0.456, 0.2, 0.048, 0.278, 0.018
0.298, 0.144, 0.064, 0.224, 0.27
0.17, 0.498, 0.098, 0.104, 0.13
0.114, 0.728, 0.034, 0.122, 0.002
0.14, 0.15, 0.282, 0.288, 0.14
0.288, 0.126, 0.164, 0.142, 0.28
0.08, 0.178, 0.368, 0.212, 0.162
0.246, 0.298, 0.098, 0.254, 0.104
0.04, 0.616, 0.244, 0.07, 0.03
0.146, 0.216, 0.158, 0.226, 0.254
0.128, 0.11, 0.078, 0.242, 0.442
0.154, 0.148, 0.476, 0.122, 0.1
0.066, 0.28, 0.128, 0.436, 0.09
0.062, 0.072, 0.112, 0.238, 0.516
0.468, 0.142, 0.07, 0.232, 0.088
0.39, 0.116, 0.112, 0.254, 0.128
0.402, 0.446, 0.042, 0.088, 0.022
0.296, 0.136, 0.276, 0.13, 0.162
0.16, 0.286, 0.388, 0.086, 0.08
0.102, 0.106, 0.144, 0.14, 0.508
0.076, 0.06, 0.018, 0.808, 0.038
0.172, 0.352, 0.112, 0.172, 0.192
0.14, 0.11, 0.082, 0.296, 0.372
0.328, 0.128, 0.168, 0.202, 0.174
0.04, 0.096, 0.158, 0.256, 0.45
0.368, 0.224, 0.178, 0.16, 0.07
0.108, 0.174, 0.168, 0.454, 0.096
0.216, 0.22, 0.208, 0.188, 0.168
0.43, 0.064, 0.024, 0.082, 0.4
0.186, 0.282, 0.228, 0.23, 0.074
0.3, 0.202, 0.146, 0.256, 0.096
0.012, 0.022, 0.878, 0.086, 0.002
0.106, 0.49, 0.026, 0.348, 0.03
0.292, 0.144, 0.206, 0.168, 0.19
0.492, 0.268, 0.05, 0.124, 0.066
0.184, 0.364, 0.238, 0.094, 0.12
0.324, 0.164, 0.128, 0.134, 0.25
0.38, 0.26, 0.128, 0.15, 0.082
0.172, 0.212, 0.19, 0.22, 0.206
0.022, 0.128, 0.002, 0.844, 0.004
0.132, 0.234, 0.198, 0.326, 0.11
0.152, 0.142, 0.272, 0.242, 0.192
0.386, 0.096, 0.028, 0.15, 0.34
0.538, 0.306, 0.02, 0.05, 0.086
0.174, 0.182, 0.296, 0.222, 0.126
0.27, 0.152, 0.116, 0.122, 0.34
0.12, 0.11, 0.096, 0.472, 0.202
0.2, 0.296, 0.054, 0.314, 0.136
0.074, 0.26, 0.238, 0.14, 0.288
0.282, 0.11, 0.284, 0.122, 0.202
0.632, 0.224, 0.024, 0.096, 0.024
0.112, 0.11, 0.138, 0.036, 0.604
0.35, 0.164, 0.148, 0.174, 0.164
0.152, 0.306, 0.038, 0.108, 0.396
0.102, 0.224, 0.254, 0.296, 0.124
0.174, 0.144, 0.13, 0.44, 0.112
0.268, 0.196, 0.092, 0.122, 0.322
0.14, 0.156, 0.284, 0.31, 0.11
0.292, 0.206, 0.322, 0.07, 0.11
0.172, 0.36, 0.07, 0.174, 0.224
0.23, 0.388, 0.142, 0.202, 0.038
0.59, 0.22, 0.038, 0.09, 0.062
0.446, 0.142, 0.158, 0.232, 0.022
0.216, 0.202, 0.302, 0.15, 0.13
0.148, 0.206, 0.18, 0.226, 0.24
0.14, 0.576, 0.066, 0.182, 0.036
0.192, 0.246, 0.28, 0.22, 0.062
0.276, 0.218, 0.04, 0.052, 0.414
0.508, 0.206, 0.146, 0.044, 0.096
0.552, 0.252, 0.022, 0.054, 0.12
0.06, 0.428, 0.182, 0.172, 0.158
0.248, 0.342, 0.16, 0.16, 0.09
0.248, 0.084, 0.492, 0.096, 0.08
0.252, 0.19, 0.214, 0.194, 0.15
0.178, 0.158, 0.098, 0.31, 0.256
0.21, 0.132, 0.46, 0.148, 0.05
0.062, 0.11, 0.148, 0.652, 0.028
0.034, 0.042, 0.044, 0.846, 0.034
0.052, 0.028, 0.122, 0.318, 0.48
0.106, 0.128, 0.266, 0.252, 0.248
0.04, 0.114, 0.568, 0.206, 0.072
0.172, 0.168, 0.144, 0.254, 0.262
0.262, 0.376, 0.06, 0.102, 0.2
0.13, 0.176, 0.29, 0.252, 0.152
0.304, 0.162, 0.182, 0.264, 0.088
0.022, 0.06, 0.652, 0.108, 0.158
0.154, 0.45, 0.156, 0.102, 0.138
0.282, 0.242, 0.076, 0.286, 0.114
0.108, 0.24, 0.272, 0.186, 0.194
0.116, 0.162, 0.556, 0.112, 0.054
0.162, 0.182, 0.234, 0.238, 0.184
0.49, 0.132, 0.126, 0.166, 0.086
0.174, 0.284, 0.26, 0.15, 0.132
0.122, 0.134, 0.224, 0.376, 0.144
0.182, 0.434, 0.286, 0.058, 0.04
0.138, 0.252, 0.132, 0.162, 0.316
0.36, 0.172, 0.004, 0.432, 0.032
0.64, 0.1, 0.038, 0.08, 0.142
0.282, 0.302, 0.134, 0.246, 0.036
0.142, 0.172, 0.25, 0.234, 0.202
0.108, 0.064, 0.032, 0.162, 0.634
0.12, 0.206, 0.138, 0.25, 0.286
0.25, 0.258, 0.222, 0.108, 0.162
0.152, 0.502, 0.108, 0.148, 0.09
0.026, 0.04, 0.146, 0.042, 0.746
0.078, 0.086, 0.61, 0.076, 0.15
0.18, 0.238, 0.178, 0.206, 0.198
0.09, 0.04, 0.102, 0.7, 0.068
0.154, 0.066, 0.298, 0.266, 0.216
0.136, 0.228, 0.32, 0.224, 0.092
0.032, 0.026, 0.018, 0.876, 0.048
0.422, 0.448, 0.008, 0.048, 0.074
0.12, 0.106, 0.222, 0.282, 0.27
0.344, 0.202, 0.116, 0.12, 0.218
0.204, 0.136, 0.298, 0.232, 0.13
0.236, 0.106, 0.208, 0.326, 0.124
0.158, 0.23, 0.28, 0.278, 0.054
0.126, 0.114, 0.156, 0.518, 0.086
0.19, 0.17, 0.358, 0.216, 0.066
0.13, 0.382, 0.138, 0.176, 0.174
0.178, 0.234, 0.318, 0.174, 0.096
0.362, 0.252, 0.1, 0.208, 0.078
0.202, 0.124, 0.244, 0.274, 0.156
0.202, 0.206, 0.21, 0.218, 0.164
0.13, 0.192, 0.078, 0.144, 0.456
0.298, 0.376, 0.14, 0.172, 0.014
0.066, 0.13, 0.236, 0.458, 0.11
0.018, 0.006, 0, 0.952, 0.024
0.344, 0.288, 0.186, 0.09, 0.092
0.256, 0.234, 0.168, 0.192, 0.15
0.118, 0.104, 0.168, 0.536, 0.074
0.262, 0.256, 0.05, 0.146, 0.286
0.182, 0.18, 0.244, 0.204, 0.19
0.062, 0.26, 0.456, 0.132, 0.09
0.178, 0.166, 0.334, 0.226, 0.096
0.422, 0.134, 0.186, 0.116, 0.142
0.214, 0.164, 0.298, 0.186, 0.138
0.084, 0.114, 0.122, 0.524, 0.156
0.154, 0.176, 0.198, 0.196, 0.276
0.102, 0.052, 0.482, 0.204, 0.16
0.036, 0.012, 0.054, 0.05, 0.848
0.104, 0.104, 0.094, 0.082, 0.616
0.26, 0.314, 0.1, 0.164, 0.162
0.076, 0.056, 0.022, 0.06, 0.786
0.388, 0.322, 0.032, 0.246, 0.012
0.086, 0.068, 0.456, 0.304, 0.086
0.33, 0.534, 0.026, 0.104, 0.006
0.126, 0.13, 0.14, 0.32, 0.284
0.164, 0.334, 0.152, 0.21, 0.14
0.216, 0.18, 0.152, 0.18, 0.272
0.426, 0.198, 0.1, 0.186, 0.09
0.056, 0.018, 0.184, 0.074, 0.668
0.204, 0.162, 0.29, 0.186, 0.158
0.218, 0.14, 0.086, 0.322, 0.234
0.174, 0.298, 0.368, 0.1, 0.06
0.204, 0.188, 0.368, 0.122, 0.118
0.116, 0.284, 0.04, 0.272, 0.288
0.236, 0.386, 0.154, 0.094, 0.13
0.162, 0.132, 0.268, 0.184, 0.254
0.178, 0.264, 0.076, 0.268, 0.214
0.302, 0.306, 0.08, 0.258, 0.054
0.164, 0.142, 0.182, 0.378, 0.134
0.058, 0.03, 0.126, 0.084, 0.702
0.026, 0.038, 0.038, 0.3, 0.598
0.332, 0.224, 0.072, 0.238, 0.134
0.268, 0.19, 0.154, 0.122, 0.266
0.042, 0.13, 0.026, 0.038, 0.764
0.248, 0.182, 0.24, 0.144, 0.186
0.244, 0.164, 0.192, 0.292, 0.108
0.586, 0.244, 0.028, 0.076, 0.066
0.038, 0.046, 0.012, 0.874, 0.03
0.158, 0.28, 0.092, 0.238, 0.232
0.22, 0.144, 0.14, 0.18, 0.316
0.144, 0.264, 0.206, 0.22, 0.166
0.056, 0.8, 0.032, 0.082, 0.03
0.08, 0.088, 0.076, 0.202, 0.554
0.234, 0.18, 0.224, 0.178, 0.184
0.242, 0.186, 0.2, 0.192, 0.18
0.23, 0.264, 0.064, 0.13, 0.312
0.39, 0.116, 0.082, 0.17, 0.242
0.16, 0.386, 0.146, 0.192, 0.116
0.264, 0.148, 0.206, 0.28, 0.102
0.024, 0.816, 0.058, 0.078, 0.024
0.25, 0.252, 0.172, 0.194, 0.132
0.064, 0.008, 0.006, 0.008, 0.914
0.288, 0.194, 0.022, 0.178, 0.318
0.426, 0.25, 0.182, 0.092, 0.05
0.322, 0.348, 0.076, 0.18, 0.074
0.056, 0.012, 0.836, 0.004, 0.092
0.162, 0.366, 0.052, 0.348, 0.072
0.196, 0.106, 0.048, 0.218, 0.432
0.342, 0.178, 0.154, 0.196, 0.13
0.49, 0.106, 0.12, 0.178, 0.106
0.242, 0.136, 0.276, 0.194, 0.152
0.168, 0.24, 0.24, 0.164, 0.188
0.184, 0.518, 0.106, 0.164, 0.028
0.05, 0.022, 0.684, 0.182, 0.062
0.118, 0.114, 0.18, 0.492, 0.096
0.294, 0.192, 0.182, 0.162, 0.17
0.054, 0.068, 0.586, 0.176, 0.116
0.29, 0.22, 0.174, 0.224, 0.092
0.252, 0.214, 0.104, 0.338, 0.092
0.342, 0.186, 0.11, 0.282, 0.08
0.182, 0.108, 0.444, 0.186, 0.08
0.054, 0.044, 0.668, 0.176, 0.058
0.106, 0.27, 0.202, 0.32, 0.102
0.082, 0.106, 0.136, 0.482, 0.194
0.916, 0.024, 0.02, 0.032, 0.008
0.2, 0.208, 0.066, 0.124, 0.402
0.352, 0.338, 0.04, 0.156, 0.114
0.324, 0.314, 0.066, 0.116, 0.18
0.15, 0.14, 0.1, 0.34, 0.27
0.062, 0.086, 0.038, 0.226, 0.588
0.226, 0.222, 0.12, 0.34, 0.092
0.18, 0.646, 0.07, 0.068, 0.036
0.084, 0.192, 0.592, 0.066, 0.066
0.074, 0.7, 0.114, 0.062, 0.05
0.164, 0.156, 0.234, 0.254, 0.192
0.18, 0.438, 0.144, 0.118, 0.12
0.328, 0.416, 0.082, 0.124, 0.05
0.148, 0.62, 0.024, 0.116, 0.092
0.026, 0.02, 0.028, 0.01, 0.916
0.14, 0.158, 0.228, 0.292, 0.182
0.256, 0.212, 0.248, 0.178, 0.106
0.134, 0.43, 0.074, 0.29, 0.072
0.144, 0.29, 0.042, 0.496, 0.028
0.312, 0.124, 0.054, 0.096, 0.414
0.258, 0.214, 0.196, 0.216, 0.116
0.098, 0.342, 0.338, 0.142, 0.08
0.242, 0.146, 0.222, 0.278, 0.112
0.236, 0.268, 0.14, 0.242, 0.114
0.176, 0.224, 0.198, 0.264, 0.138
0.172, 0.312, 0.258, 0.226, 0.032
0.398, 0.184, 0.146, 0.244, 0.028
0.148, 0.08, 0.034, 0.626, 0.112
0.3, 0.11, 0.298, 0.22, 0.072
0.232, 0.174, 0.212, 0.24, 0.142
0.098, 0.534, 0.244, 0.092, 0.032
0.122, 0.138, 0.35, 0.262, 0.128
0.238, 0.26, 0.09, 0.352, 0.06
0.184, 0.088, 0.234, 0.438, 0.056
0.14, 0.454, 0.22, 0.162, 0.024
0.182, 0.112, 0.148, 0.484, 0.074
0.208, 0.082, 0.018, 0.048, 0.644
0.014, 0.064, 0.076, 0.014, 0.832
0.184, 0.144, 0.262, 0.276, 0.134
0.13, 0.114, 0.368, 0.276, 0.112
0.182, 0.19, 0.3, 0.064, 0.264
0.074, 0.142, 0.054, 0.362, 0.368
0.426, 0.228, 0.072, 0.054, 0.22
0.172, 0.072, 0.356, 0.106, 0.294
0.108, 0.234, 0.368, 0.128, 0.162
0.18, 0.266, 0.306, 0.152, 0.096
0.476, 0.3, 0.066, 0.076, 0.082
0.414, 0.268, 0.154, 0.098, 0.066
0.074, 0.514, 0.05, 0.138, 0.224
0.152, 0.192, 0.162, 0.412, 0.082
0.25, 0.396, 0.04, 0.156, 0.158
0.026, 0.012, 0.002, 0.834, 0.126
0.058, 0.094, 0.048, 0.068, 0.732
0.014, 0.806, 0.088, 0.074, 0.018
0.038, 0.808, 0.03, 0.036, 0.088
0.178, 0.308, 0.03, 0.192, 0.292
0.172, 0.212, 0.258, 0.184, 0.174
0.57, 0.248, 0.022, 0.12, 0.04
0.022, 0.026, 0.052, 0.038, 0.862
0.194, 0.268, 0.3, 0.13, 0.108
0.056, 0.176, 0.652, 0.062, 0.054
0.016, 0.01, 0.006, 0.084, 0.884
0.198, 0.318, 0.172, 0.232, 0.08
0.284, 0.286, 0.122, 0.284, 0.024
0.342, 0.338, 0.064, 0.138, 0.118
0.122, 0.056, 0.652, 0.142, 0.028
0.272, 0.452, 0.028, 0.124, 0.124
0.228, 0.172, 0.248, 0.226, 0.126
0.374, 0.222, 0.142, 0.236, 0.026
0.102, 0.18, 0.222, 0.098, 0.398
0.328, 0.158, 0.204, 0.24, 0.07
0.236, 0.248, 0.072, 0.134, 0.31
0.516, 0.306, 0.028, 0.122, 0.028
0.092, 0.19, 0.208, 0.376, 0.134
0.348, 0.194, 0.286, 0.114, 0.058
0.014, 0.042, 0.03, 0.894, 0.02
0.45, 0.274, 0.054, 0.144, 0.078
0.188, 0.204, 0.258, 0.174, 0.176
0.154, 0.27, 0.248, 0.198, 0.13
0.246, 0.192, 0.302, 0.16, 0.1
0.146, 0.188, 0.192, 0.374, 0.1
0.278, 0.26, 0.134, 0.15, 0.178
0.186, 0.256, 0.156, 0.364, 0.038
0.306, 0.198, 0.236, 0.226, 0.034
0.304, 0.568, 0.018, 0.076, 0.034
0.492, 0.322, 0.044, 0.1, 0.042
0.304, 0.216, 0.092, 0.094, 0.294
0.336, 0.16, 0.224, 0.232, 0.048
0.282, 0.408, 0.122, 0.182, 0.006
0.44, 0.134, 0.192, 0.186, 0.048
0.116, 0.3, 0.196, 0.374, 0.014
0.294, 0.114, 0.06, 0.166, 0.366
0.2, 0.156, 0.194, 0.246, 0.204
0.434, 0.262, 0.068, 0.174, 0.062
0.174, 0.198, 0.424, 0.132, 0.072
0.036, 0.694, 0.084, 0.028, 0.158
0.152, 0.12, 0.342, 0.294, 0.092
0.188, 0.288, 0.168, 0.184, 0.172
0.144, 0.12, 0.344, 0.226, 0.166
0.316, 0.182, 0.246, 0.194, 0.062
0.21, 0.176, 0.072, 0.306, 0.236
0.236, 0.198, 0.138, 0.328, 0.1
0.328, 0.168, 0.044, 0.21, 0.25
0.428, 0.214, 0.096, 0.148, 0.114
0.064, 0.306, 0.244, 0.162, 0.224
0.332, 0.18, 0.122, 0.226, 0.14
0.008, 0.04, 0.022, 0.906, 0.024
0.112, 0.47, 0.138, 0.17, 0.11
0.242, 0.262, 0.098, 0.2, 0.198
0.486, 0.206, 0.066, 0.088, 0.154
0.214, 0.444, 0.136, 0.098, 0.108
0.678, 0.068, 0.096, 0.102, 0.056
0.382, 0.162, 0.166, 0.192, 0.098
0.106, 0.14, 0.35, 0.234, 0.17
0.236, 0.296, 0.146, 0.126, 0.196
0.108, 0.172, 0.258, 0.158, 0.304
0.472, 0.36, 0.078, 0.064, 0.026
0.272, 0.31, 0.142, 0.192, 0.084
0.24, 0.274, 0.172, 0.136, 0.178
0.224, 0.276, 0.194, 0.168, 0.138
0.02, 0.034, 0.83, 0.032, 0.084
0.184, 0.338, 0.1, 0.232, 0.146
0.444, 0.314, 0.052, 0.036, 0.154
0.268, 0.214, 0.166, 0.194, 0.158
0.088, 0.366, 0.184, 0.262, 0.1
0.002, 0, 0.006, 0.992, 0
0.162, 0.162, 0.23, 0.346, 0.1
0.17, 0.244, 0.24, 0.13, 0.216
0.18, 0.2, 0.312, 0.224, 0.084
0.228, 0.096, 0.086, 0.488, 0.102
0.056, 0.028, 0.128, 0.716, 0.072
0.212, 0.276, 0.12, 0.328, 0.064
0.058, 0.094, 0.282, 0.488, 0.078
0.092, 0.126, 0.236, 0.334, 0.212
0.216, 0.28, 0.106, 0.152, 0.246
0.244, 0.308, 0.21, 0.168, 0.07
0.236, 0.15, 0.234, 0.236, 0.144
0.25, 0.196, 0.266, 0.17, 0.118
0.238, 0.228, 0.246, 0.192, 0.096
0.23, 0.182, 0.142, 0.3, 0.146
0.172, 0.17, 0.364, 0.18, 0.114
0.328, 0.148, 0.368, 0.082, 0.074
0.436, 0.11, 0.238, 0.082, 0.134
0.396, 0.208, 0.202, 0.154, 0.04
0.164, 0.356, 0.112, 0.236, 0.132
0.18, 0.24, 0.24, 0.194, 0.146
0.06, 0.19, 0.104, 0.574, 0.072
0.072, 0.116, 0.444, 0.13, 0.238
0.19, 0.206, 0.102, 0.164, 0.338
0.38, 0.22, 0.13, 0.048, 0.222
0.118, 0.116, 0.074, 0.662, 0.03
0.206, 0.316, 0.152, 0.096, 0.23
0.108, 0.162, 0.408, 0.24, 0.082
0.1, 0.118, 0.122, 0.134, 0.526
0.156, 0.242, 0.14, 0.2, 0.262
0.334, 0.288, 0.062, 0.18, 0.136
0.074, 0.362, 0.484, 0.05, 0.03
0.038, 0.108, 0.012, 0.838, 0.004
0.276, 0.4, 0.018, 0.18, 0.126
0.156, 0.33, 0.15, 0.172, 0.192
0.092, 0.05, 0.08, 0.628, 0.15
0.104, 0.152, 0.266, 0.392, 0.086
0.326, 0.25, 0.106, 0.208, 0.11
0.092, 0.136, 0.172, 0.198, 0.402
0.11, 0.342, 0.246, 0.226, 0.076
0.122, 0.13, 0.09, 0.436, 0.222
0.104, 0.062, 0.426, 0.102, 0.306
0.078, 0.08, 0.098, 0.298, 0.446
0.216, 0.17, 0.044, 0.264, 0.306
0.384, 0.212, 0.154, 0.212, 0.038
0.272, 0.202, 0.176, 0.236, 0.114
0.222, 0.12, 0.032, 0.11, 0.516
0.148, 0.262, 0.256, 0.172, 0.162
0.372, 0.218, 0.114, 0.168, 0.128
0.094, 0.164, 0.234, 0.292, 0.216
0.168, 0.162, 0.096, 0.366, 0.208
0.088, 0.104, 0.136, 0.608, 0.064
0.214, 0.244, 0.198, 0.176, 0.168
0.276, 0.352, 0.096, 0.176, 0.1
0.35, 0.188, 0.25, 0.168, 0.044
0.214, 0.168, 0.412, 0.088, 0.118
0.346, 0.118, 0.25, 0.25, 0.036
0.382, 0.242, 0.128, 0.19, 0.058
0.016, 0.006, 0.96, 0.01, 0.008
0.248, 0.28, 0.184, 0.178, 0.11
0.086, 0.112, 0.47, 0.168, 0.164
0.074, 0.09, 0.598, 0.174, 0.064
0.066, 0.164, 0.11, 0.216, 0.444
0.17, 0.06, 0.076, 0.252, 0.442
0.572, 0.24, 0.038, 0.034, 0.116
0.122, 0.304, 0.212, 0.258, 0.104
0.204, 0.24, 0.11, 0.206, 0.24
0.338, 0.254, 0.06, 0.162, 0.186
0.148, 0.18, 0.412, 0.164, 0.096
0.192, 0.18, 0.318, 0.184, 0.126
0.03, 0.04, 0.07, 0.65, 0.21
0.29, 0.238, 0.114, 0.25, 0.108
0.124, 0.15, 0.304, 0.318, 0.104
0.278, 0.09, 0.03, 0.544, 0.058
0.104, 0.176, 0.288, 0.17, 0.262
0.014, 0.03, 0.04, 0.844, 0.072
0.162, 0.128, 0.172, 0.152, 0.386
0.292, 0.54, 0.08, 0.074, 0.014
0.084, 0.036, 0.05, 0.752, 0.078
0.144, 0.098, 0.12, 0.144, 0.494
0.022, 0.032, 0.146, 0.766, 0.034
0.186, 0.21, 0.348, 0.19, 0.066
0.248, 0.186, 0.294, 0.19, 0.082
0.354, 0.346, 0.12, 0.088, 0.092
0.218, 0.21, 0.154, 0.312, 0.106
0.362, 0.25, 0.206, 0.116, 0.066
0.044, 0.126, 0.21, 0.2, 0.42
0.096, 0.124, 0.144, 0.13, 0.506
0.28, 0.216, 0.184, 0.238, 0.082
0.226, 0.39, 0.094, 0.13, 0.16
0.17, 0.252, 0.394, 0.128, 0.056
0.402, 0.168, 0.024, 0.112, 0.294
0.002, 0.01, 0.932, 0.028, 0.028
0.13, 0.322, 0.248, 0.192, 0.108
0.236, 0.138, 0.084, 0.236, 0.306
0.072, 0.132, 0.534, 0.092, 0.17
0.04, 0.038, 0.59, 0.084, 0.248
0.22, 0.154, 0.41, 0.136, 0.08
0.35, 0.274, 0.204, 0.126, 0.046
0.258, 0.15, 0.146, 0.182, 0.264
0.188, 0.26, 0.244, 0.214, 0.094
0.158, 0.094, 0.476, 0.182, 0.09
0.04, 0.052, 0.36, 0.064, 0.484
0.102, 0.17, 0.194, 0.362, 0.172
0.13, 0.258, 0.31, 0.234, 0.068
0.282, 0.288, 0.192, 0.164, 0.074
0.346, 0.178, 0.122, 0.234, 0.12
0.268, 0.134, 0.328, 0.172, 0.098
0.07, 0.15, 0.504, 0.21, 0.066
0.104, 0.09, 0.274, 0.424, 0.108
0.196, 0.212, 0.196, 0.166, 0.23
0.272, 0.202, 0.168, 0.204, 0.154
0.108, 0.304, 0.092, 0.362, 0.134
0.19, 0.138, 0.252, 0.322, 0.098
0.018, 0.01, 0.916, 0.018, 0.038
0.13, 0.69, 0.098, 0.06, 0.022
0.032, 0.132, 0.09, 0.732, 0.014
0.056, 0.102, 0.018, 0.802, 0.022
0.248, 0.26, 0.148, 0.198, 0.146
0.274, 0.234, 0.058, 0.152, 0.282
0.322, 0.522, 0.022, 0.054, 0.08
0.21, 0.23, 0.16, 0.216, 0.184
0.254, 0.274, 0.152, 0.166, 0.154
0.198, 0.25, 0.214, 0.236, 0.102
0.212, 0.166, 0.178, 0.354, 0.09
0.13, 0.23, 0.354, 0.216, 0.07
0.286, 0.208, 0.056, 0.082, 0.368
0.658, 0.064, 0.018, 0.234, 0.026
0.232, 0.468, 0.09, 0.112, 0.098
0.002, 0.014, 0.954, 0.028, 0.002
0.06, 0.08, 0.272, 0.286, 0.302
0.028, 0.014, 0.012, 0.094, 0.852
0.244, 0.296, 0.108, 0.31, 0.042
0.238, 0.204, 0.254, 0.162, 0.142
0.134, 0.142, 0.282, 0.37, 0.072
0.318, 0.174, 0.212, 0.212, 0.084
0.19, 0.186, 0.008, 0.186, 0.43
0.216, 0.21, 0.232, 0.24, 0.102
0.124, 0.158, 0.218, 0.178, 0.322
0.032, 0.042, 0.104, 0.76, 0.062
0.496, 0.226, 0.138, 0.1, 0.04
0.488, 0.218, 0.036, 0.138, 0.12
0.192, 0.152, 0.088, 0.21, 0.358
0.258, 0.226, 0.26, 0.164, 0.092
0.574, 0.242, 0.024, 0.144, 0.016
0.252, 0.428, 0.122, 0.174, 0.024
0.054, 0.238, 0.142, 0.52, 0.046
0.174, 0.106, 0.134, 0.538, 0.048
0.036, 0.65, 0.144, 0.088, 0.082
0.364, 0.208, 0.108, 0.224, 0.096
0.156, 0.202, 0.28, 0.264, 0.098
0.104, 0.088, 0.292, 0.408, 0.108
0.128, 0.276, 0.228, 0.312, 0.056
0.202, 0.07, 0.44, 0.124, 0.164
0.576, 0.298, 0.036, 0.032, 0.058
0.296, 0.086, 0.298, 0.166, 0.154
0.154, 0.156, 0.128, 0.198, 0.364
0.126, 0.314, 0.258, 0.15, 0.152
0.248, 0.198, 0.188, 0.2, 0.166
0.258, 0.306, 0.014, 0.048, 0.374
0.13, 0.3, 0.048, 0.478, 0.044
0.296, 0.138, 0.146, 0.222, 0.198
0.172, 0.182, 0.41, 0.156, 0.08
0.278, 0.368, 0.114, 0.192, 0.048
0.116, 0.12, 0.36, 0.214, 0.19
0.492, 0.22, 0.08, 0.15, 0.058
0.036, 0.038, 0.082, 0.814, 0.03
0.116, 0.126, 0.266, 0.174, 0.318
0.05, 0.082, 0.114, 0.07, 0.684
0.178, 0.114, 0.096, 0.35, 0.262
0.044, 0.072, 0.018, 0.166, 0.7
0.496, 0.2, 0.156, 0.118, 0.03
0.308, 0.16, 0.136, 0.25, 0.146
0.216, 0.196, 0.22, 0.308, 0.06
0.134, 0.266, 0.188, 0.26, 0.152
0.216, 0.188, 0.052, 0.132, 0.412
0.456, 0.206, 0.07, 0.212, 0.056
0.436, 0.152, 0.142, 0.186, 0.084
0.592, 0.246, 0.054, 0.078, 0.03
0.34, 0.252, 0.11, 0.19, 0.108
0.186, 0.092, 0.118, 0.218, 0.386
0.364, 0.252, 0.044, 0.164, 0.176
0.304, 0.274, 0.268, 0.09, 0.064
0.16, 0.202, 0.174, 0.24, 0.224
0.06, 0.674, 0.092, 0.086, 0.088
0.162, 0.174, 0.386, 0.14, 0.138
0.3, 0.338, 0.1, 0.162, 0.1
0.202, 0.334, 0.106, 0.166, 0.192
0.286, 0.206, 0.25, 0.128, 0.13
0.138, 0.252, 0.032, 0.574, 0.004
0.012, 0.014, 0.006, 0.872, 0.096
0.476, 0.172, 0.114, 0.232, 0.006
0.056, 0.102, 0.018, 0.802, 0.022
0.146, 0.116, 0.132, 0.332, 0.274
0.276, 0.148, 0.308, 0.214, 0.054
0.22, 0.178, 0.368, 0.128, 0.106
0.374, 0.124, 0.118, 0.32, 0.064
0.208, 0.208, 0.336, 0.176, 0.072
0.036, 0.094, 0.778, 0.058, 0.034
0.056, 0.08, 0.148, 0.594, 0.122
0.206, 0.196, 0.1, 0.3, 0.198
0.324, 0.238, 0.146, 0.18, 0.112
0.026, 0.008, 0.006, 0.076, 0.884
0.072, 0.108, 0.048, 0.13, 0.642
0.412, 0.312, 0.16, 0.088, 0.028
0.176, 0.18, 0.044, 0.456, 0.144
0.216, 0.144, 0.154, 0.33, 0.156
0.91, 0.034, 0.012, 0.018, 0.026
0.03, 0.024, 0.06, 0.082, 0.804
0.412, 0.208, 0.098, 0.252, 0.03
0.024, 0.032, 0.076, 0.092, 0.776
0.176, 0.24, 0.306, 0.172, 0.106
0.208, 0.212, 0.032, 0.162, 0.386
0.028, 0.216, 0.062, 0.332, 0.362
0.512, 0.186, 0.052, 0.068, 0.182
0.202, 0.228, 0.142, 0.156, 0.272
0.412, 0.204, 0.15, 0.16, 0.074
0.024, 0.006, 0.912, 0.032, 0.026
0.162, 0.144, 0.318, 0.164, 0.212
0.012, 0.02, 0.012, 0.922, 0.034
0.274, 0.328, 0.144, 0.184, 0.07
0.236, 0.252, 0.308, 0.144, 0.06
0.494, 0.118, 0.048, 0.152, 0.188
0.144, 0.234, 0.23, 0.23, 0.162
0.062, 0.22, 0.174, 0.344, 0.2
0.076, 0.16, 0.102, 0.392, 0.27
0.082, 0.184, 0.234, 0.298, 0.202
0.204, 0.154, 0.282, 0.2, 0.16
0.344, 0.118, 0.266, 0.15, 0.122
0.24, 0.272, 0.23, 0.16, 0.098
0.188, 0.258, 0.298, 0.162, 0.094
0.216, 0.238, 0.2, 0.254, 0.092
0.184, 0.306, 0.262, 0.176, 0.072
0.132, 0.398, 0.156, 0.148, 0.166
0.162, 0.17, 0.216, 0.272, 0.18
0.262, 0.374, 0.1, 0.108, 0.156
0.356, 0.106, 0.044, 0.056, 0.438
0.038, 0.402, 0.132, 0.36, 0.068
0.178, 0.162, 0.044, 0.102, 0.514
0.168, 0.204, 0.522, 0.084, 0.022
0.15, 0.104, 0.414, 0.18, 0.152
0.64, 0.268, 0.018, 0.032, 0.042
0.17, 0.334, 0.1, 0.388, 0.008
0.236, 0.23, 0.208, 0.144, 0.182
0.086, 0.14, 0.514, 0.212, 0.048
0.44, 0.184, 0.046, 0.162, 0.168
0.234, 0.244, 0.18, 0.198, 0.144
0.272, 0.274, 0.05, 0.318, 0.086
0.06, 0.872, 0.022, 0.038, 0.008
0.276, 0.132, 0.204, 0.3, 0.088
0.504, 0.154, 0.108, 0.188, 0.046
0.378, 0.358, 0.1, 0.098, 0.066
0.156, 0.392, 0.146, 0.19, 0.116
0.118, 0.294, 0.272, 0.15, 0.166
0.254, 0.18, 0.2, 0.276, 0.09
0.126, 0.128, 0.112, 0.194, 0.44
0.246, 0.148, 0.232, 0.25, 0.124
0.25, 0.196, 0.204, 0.2, 0.15
0.082, 0.038, 0.024, 0.838, 0.018
0.398, 0.36, 0.032, 0.176, 0.034
0.25, 0.158, 0.27, 0.176, 0.146
0.278, 0.082, 0.244, 0.332, 0.064
0.128, 0.172, 0.404, 0.172, 0.124
0.07, 0.114, 0.618, 0.078, 0.12
0.34, 0.338, 0.05, 0.184, 0.088
0.016, 0.038, 0.892, 0.02, 0.034
0.186, 0.21, 0.214, 0.3, 0.09
0.116, 0.128, 0.116, 0.274, 0.366
0.058, 0.018, 0.014, 0.05, 0.86
0.174, 0.346, 0.23, 0.146, 0.104
0.182, 0.304, 0.22, 0.154, 0.14
0.09, 0.056, 0.088, 0.586, 0.18
0.434, 0.182, 0.016, 0.058, 0.31
0.258, 0.132, 0.258, 0.17, 0.182
0.144, 0.228, 0.224, 0.318, 0.086
0.154, 0.182, 0.276, 0.108, 0.28
0.288, 0.25, 0.154, 0.22, 0.088
0.082, 0.064, 0.306, 0.094, 0.454
0.206, 0.228, 0.182, 0.164, 0.22
0.322, 0.228, 0.254, 0.112, 0.084
0.148, 0.068, 0.046, 0.158, 0.58
0.052, 0.1, 0.412, 0.352, 0.084
0.178, 0.152, 0.242, 0.206, 0.222
0.124, 0.16, 0.32, 0.342, 0.054
0.034, 0.068, 0.088, 0.716, 0.094
0.15, 0.12, 0.128, 0.162, 0.44
0.654, 0.062, 0.11, 0.138, 0.036
0.11, 0.106, 0.426, 0.228, 0.13
0.2, 0.118, 0.286, 0.328, 0.068
0.19, 0.112, 0.238, 0.286, 0.174
0.69, 0.126, 0.044, 0.094, 0.046
0.376, 0.198, 0.188, 0.18, 0.058
0.398, 0.292, 0.178, 0.094, 0.038
0.228, 0.24, 0.178, 0.252, 0.102
0.288, 0.228, 0.226, 0.172, 0.086
0.23, 0.154, 0.084, 0.336, 0.196
0.016, 0.012, 0.956, 0, 0.016
0.102, 0.2, 0.4, 0.226, 0.072
0.272, 0.162, 0.224, 0.208, 0.134
0.458, 0.206, 0.064, 0.198, 0.074
0.034, 0.082, 0.24, 0.584, 0.06
0.074, 0.196, 0.348, 0.334, 0.048
0.092, 0.26, 0.304, 0.22, 0.124
0.218, 0.146, 0.334, 0.166, 0.136
0.108, 0.634, 0.072, 0.094, 0.092
0.138, 0.372, 0.126, 0.23, 0.134
0.268, 0.282, 0.138, 0.308, 0.004
0.188, 0.15, 0.126, 0.104, 0.432
0.148, 0.638, 0.108, 0.07, 0.036
0.034, 0.012, 0.054, 0.072, 0.828
0.162, 0.228, 0.338, 0.228, 0.044
0.358, 0.228, 0.076, 0.176, 0.162
0.338, 0.146, 0.064, 0.338, 0.114
0.044, 0.116, 0.166, 0.128, 0.546
0.218, 0.168, 0.188, 0.256, 0.17
0.176, 0.208, 0.192, 0.226, 0.198
0.208, 0.274, 0.136, 0.116, 0.266
0.126, 0.108, 0.556, 0.146, 0.064
0.364, 0.138, 0.164, 0.236, 0.098
0.422, 0.44, 0.036, 0.088, 0.014
0.184, 0.072, 0.402, 0.084, 0.258
0.146, 0.326, 0.128, 0.202, 0.198
0.064, 0.128, 0.336, 0.238, 0.234
0.214, 0.142, 0.076, 0.246, 0.322
0.048, 0.044, 0.042, 0.69, 0.176
0.12, 0.106, 0.268, 0.268, 0.238
0.292, 0.078, 0.036, 0.098, 0.496
0.488, 0.23, 0.086, 0.122, 0.074
0.094, 0.2, 0.188, 0.258, 0.26
0.248, 0.264, 0.188, 0.204, 0.096
0.208, 0.264, 0.114, 0.21, 0.204
0.276, 0.142, 0.27, 0.232, 0.08
0.192, 0.152, 0.088, 0.21, 0.358
0.008, 0.054, 0.234, 0.326, 0.378
0.158, 0.144, 0.152, 0.162, 0.384
0.012, 0.066, 0.882, 0.002, 0.038
0.138, 0.126, 0.32, 0.344, 0.072
0.346, 0.194, 0.118, 0.218, 0.124
0.192, 0.278, 0.182, 0.218, 0.13
0.184, 0.192, 0.178, 0.248, 0.198
0.106, 0.192, 0.32, 0.174, 0.208
0.28, 0.11, 0.016, 0.064, 0.53
0.21, 0.166, 0.126, 0.4, 0.098
0.1, 0.15, 0.236, 0.144, 0.37
0.422, 0.098, 0.076, 0.212, 0.192
0.24, 0.406, 0.134, 0.12, 0.1
0.15, 0.182, 0.158, 0.464, 0.046
